--- 1. Score Range Analysis by Season ---
 Season     Max  Min  Mean
      1  9.5000  0.0  5.14
      2 10.0000  0.0  5.02
      3 10.0000  0.0  4.66
      4 10.0000  0.0  5.12
      5 10.0000  0.0  5.09
      6 10.0000  0.0  5.03
      7 10.0000  0.0  4.33
      8 10.0000  0.0  4.82
      9 12.3333  0.0  4.58
     10 13.3333  0.0  5.08
     11 12.3333  0.0  4.77
     12 12.5000  0.0  5.10
     13 11.3333  0.0  4.77
     14 13.3333  0.0  5.79
     15 13.3333  0.0  5.63
     16 11.0000  0.0  5.35
     17 11.3333  0.0  5.74
     18 10.0000  0.0  5.64
     19 10.7500  0.0  5.29
     20 10.7500  0.0  5.43
     21 11.0000  0.0  5.32
     22 10.0000  0.0  5.59
     23 11.6666  0.0  5.39
     24 10.5000  0.0  5.29
     25 10.0000  0.0  5.43
     26 10.5000  0.0  5.53
     27 10.0000  0.0  5.62
     28 10.6666  0.0  5.23
     29 10.0000  0.0  5.33
     30 11.0000  0.0  5.53
     31 11.2500  0.0  5.34
     32 11.2500  0.0  4.96
     33 11.0000  0.0  5.23
     34 11.2500  0.0  5.45

--- 2. Missing Data Pattern Analysis ---

Total couples with 'Gap' in participation (Abnormal Missing): 0 / 421
